55 108
000000000000000000000000000000000000000000000000000000000000000000000000000000000000000000000000000000000000
000                                                                                                       00
000                                                                                                       00
000                                                                                                       00
000                                                                                  6                    00
000                                              6                                                        00
000                                                                                                       00
000            6                                       7         8                                        00
000                                                    11       111                                       00
000     8                                                                                                 00
000   1111111111111  9                          7                                                         00
000                               7            111                                                        00
000                             7 8 7                                                                     00
000                            7  7  7                                                                    00
000                        1111111111111111                                                               00
000                                                                                                       00
0001111                                                                                                   00
000                                                                                                       00
000          7       77                                                                                   00
000          1      7777                                                                                  00
000          0     777777                                                                                 00
000          0      7777                              9                                                   00
000    1111111       77                                                                                   00
000                                   7                                                                   00
000 5                                787                                                                  00
0001111111111111111111111             7                                                                   00
000                                  7 7                                                                  00
000                                 7 8 7                                                                 00
000                            11111111111111                                                             00
000                            0                                                                          00
000                         1111              7               8 8                                         00
000                                        111111111           7                                          00
000                                                           7 7                                         00
000                                                            8                                          00
000               6                                         111111                                        00
000             78787                     7 7                  000                                        00
000              787                     757 7                 000                                        00
000       111                          111111111111111111111                                              00
000                           1111111111000000000000000000000                                             00
000                                                                                                       00
000111              111111                                                                                00
000                                                                                                       00
000       7                                                                                               00
0001111111111                                                                6                            00
0000000000000              7 8            9                                                               00
0000000000000            7  7  8                        7 7 7                                   000000000000
0000000000000          7      7 7                      7 7 7 7                                  000000000000
0000000000000       11111111   7 7                                                                      0000
0000000000000                   7 7                                                                     0000
00                               7 7                                                                    0000
00                                7 7                                                                   0000
00                                                                                                      0000
00                          5                8                        4                                 0000
000000000000011111111111111111111111111111111111111111111111111111111111111111111111111111111111111111111100
000000000000000000000000000000000000000000000000000000000000000000000000000000000000000000000000000000000000

