56 123
000000000000000000000000000000000000000000000000000000000000000000000000000000000000000000000000000000000000000000000000000
0000000000000000000000000000000000000000000000000000000000000000                                                        000
0000000000000000000000000000000000000                                                                                   000
0000000000000000000000000000000000000                                                                                   000
0000000000000000000000000000000000000                                                                                   000
0000000000000000000000000000000000000      6                                                                            000
0000000000000000000000000000000000000                                                                                   000
0000000000000000000000000000000000000  7 7                                                                              000
000        0 6                        7   7                                                                             000
000  9     0    7 7 7 7 7 7 7 7 7 7 7     7         9                                                                   000
000        0  00000000000000000000000000  7                                                                             000
000        0  00000000000000000000    00  7                                                                             000
000        0                    00 8  007 7 7                                                                           000
000        0                    0011  00 777                                                                            000
000        0000000000000000000  00    00  7                                                                             000
000       7               0000  00    00                                                                                000
000      110000000000000  0000  00    00                                                                                000
000 7      0000000000000  0000  00   800  7                                                                             000
000111     000000               00  1100                                                                                000
000        000000  000000000000000    00                                                                                000
000             0    7 7 7            00  7         9                                                                   000
000             000000000000000000 8  00                                                                                000
00011111111111  00000000000000000011  00                                                                                000
000                              0    00  7                                                                             000
000  9             5             0 5 500                                                                                000
000        11111111111111111111110000000                                                                                000
000        00000000000000000000000000000  7                                                                             000
000     7         0                    0                                                                                000
000    7 7        0                    0                                                                                000
000   111 7       0                    0  7                                                                             000
000        7      0                    0            9                                                                   000
000         7  6  0                    0                                                                                000
000               0              9     0  7                                                                             000
000        111    0                    0                                                                                000
000               0       111111  000000                                                                                000
000     77        0       0000         0  7                                                                             000
000    7  7       0 8   8 0000         0                                                                                000
000   111  7      0   5   0000  110    0                                                                                000
000         7     001000100000    0 88 0  7                                                                             000
000          7    000000000000    0 88 0                                                                                000
000           7              011  0    0                                                                                000
000        111 7             0    0    0  7                                                                             000
000             7            0    0    0          8                                                                     000
000                 9        0         0                                                                                000
000            111           0  11000000  7      111                                                                    000
000                 7        0                   000                                                                    000
000                7 7       0                   000               9                9            9              00000000000
000                111       00000000000000000000000                                                            00000000000
000                     7                                               7     7     7     7     7                       000
000                    7 7           7                                       7 7         7 7                            000
000                    111          7                                       7 7 7       7 7 7                           000
000                                77777777777                          7  7 7 7 7  7  7 7 7 7  7                       000
000                                 7                                       7 7 7       7 7 7                           000
000                        5         7   4                                                                              000
000111111111111111111111111111111111111111111111111111111111111111111111111111111111111111111111111111111111111111111111000
000000000000000000000000000000000000000000000000000000000000000000000000000000000000000000000000000000000000000000000000000
